Emanuel Vogt Archive - Missing Works Report
===========================================
Total Works Found: 1705
Max Work ID: 2036
Missing IDs Count: 331
Completeness: 83.7%

Missing Work Numbers:
---------------------
153, 177, 180, 181, 276, 285, 308, 381, 403, 411
418, 467, 519, 530, 531, 599, 600, 601, 602, 603
604, 605, 606, 607, 617, 618, 619, 620, 621, 622
655, 660, 691, 692, 693, 694, 695, 696, 697, 698
699, 700, 701, 702, 703, 714, 716, 718, 719, 723
738, 773, 774, 775, 776, 806, 824, 839, 878, 902
915, 919, 925, 960, 962, 963, 977, 982, 986, 1002
1028, 1029, 1051, 1055, 1056, 1063, 1064, 1068, 1069, 1070
1085, 1108, 1133, 1135, 1155, 1156, 1158, 1159, 1162, 1163
1170, 1171, 1173, 1175, 1176, 1178, 1179, 1183, 1187, 1189
1191, 1193, 1196, 1199, 1203, 1204, 1207, 1208, 1210, 1211
1212, 1218, 1219, 1222, 1226, 1228, 1229, 1230, 1232, 1233
1234, 1235, 1237, 1239, 1243, 1245, 1247, 1248, 1250, 1252
1254, 1256, 1258, 1260, 1262, 1264, 1265, 1267, 1268, 1270
1271, 1274, 1276, 1279, 1283, 1291, 1293, 1294, 1295, 1305
1312, 1313, 1314, 1315, 1316, 1317, 1318, 1319, 1320, 1321
1322, 1323, 1324, 1325, 1326, 1327, 1328, 1329, 1347, 1362
1364, 1366, 1375, 1377, 1396, 1407, 1425, 1429, 1439, 1443
1445, 1447, 1448, 1450, 1453, 1462, 1465, 1471, 1474, 1477
1480, 1502, 1503, 1515, 1517, 1543, 1550, 1551, 1552, 1553
1555, 1556, 1557, 1558, 1559, 1560, 1580, 1583, 1584, 1607
1608, 1623, 1627, 1645, 1662, 1664, 1669, 1692, 1693, 1694
1695, 1696, 1697, 1698, 1699, 1700, 1701, 1702, 1703, 1704
1705, 1706, 1707, 1708, 1709, 1710, 1711, 1718, 1731, 1745
1746, 1748, 1749, 1765, 1766, 1767, 1768, 1769, 1770, 1771
1772, 1773, 1774, 1775, 1776, 1777, 1778, 1779, 1780, 1781
1782, 1783, 1784, 1787, 1789, 1790, 1791, 1793, 1794, 1797
1798, 1799, 1800, 1805, 1812, 1815, 1840, 1863, 1866, 1874
1875, 1876, 1877, 1878, 1882, 1884, 1949, 1950, 1952, 1955
1957, 1959, 1963, 1965, 1966, 1967, 1968, 1970, 1971, 1972
1973, 1975, 1976, 1978, 1979, 1980, 1981, 1985, 1988, 1990
1993, 1994, 1996, 1999, 2000, 2001, 2002, 2003, 2007, 2009
2010, 2012, 2013, 2014, 2016, 2017, 2018, 2020, 2021, 2024
2025
