Emanuel Vogt Archive - Missing Numeric IDs (Gap Analysis)
=========================================================
A total of 187 IDs are missing from the scanned sequence 1-2036.

153, 177, 180, 181, 276, 285, 308, 381, 403, 411
418, 467, 519, 531, 599, 600, 601, 602, 603, 604
605, 606, 607, 617, 618, 619, 620, 621, 622, 655
691, 692, 693, 694, 695, 696, 697, 698, 699, 700
701, 702, 703, 718, 719, 773, 774, 775, 776, 824
839, 878, 902, 915, 919, 925, 962, 963, 1028, 1029
1051, 1055, 1056, 1064, 1068, 1069, 1070, 1085, 1133, 1159
1226, 1229, 1230, 1233, 1234, 1235, 1294, 1295, 1312, 1313
1314, 1315, 1316, 1317, 1318, 1319, 1320, 1321, 1322, 1323
1324, 1325, 1326, 1327, 1328, 1329, 1347, 1362, 1407, 1425
1503, 1543, 1550, 1551, 1552, 1553, 1555, 1556, 1557, 1558
1559, 1560, 1580, 1662, 1664, 1669, 1692, 1693, 1694, 1695
1696, 1697, 1698, 1699, 1700, 1701, 1702, 1703, 1704, 1705
1706, 1707, 1708, 1709, 1710, 1711, 1718, 1731, 1745, 1746
1748, 1749, 1765, 1766, 1767, 1768, 1769, 1770, 1771, 1772
1773, 1774, 1775, 1776, 1777, 1778, 1779, 1780, 1781, 1782
1783, 1784, 1790, 1791, 1797, 1798, 1799, 1800, 1812, 1815
1863, 1866, 1874, 1875, 1876, 1877, 1878, 1994, 1996, 2000
2001, 2002, 2007, 2020, 2021, 2024, 2025
